Date,Open,High,Low,Close,Volume
2013-01-02,42.94,44.17,42.8,44.16,2106600
2013-01-03,44.09,44.5,43.45,43.91,1770400
2013-01-04,44.01,44.16,43.4,44.12,1052300
2013-01-07,44.03,45.33,43.75,45.12,1823800
2013-01-08,44.85,45.45,44.27,44.72,2192300
2013-01-09,44.77,45.2,44.29,44.33,1261400
2013-01-10,44.38,44.6,42.77,43.49,2677000
2013-01-11,43.65,44.0,43.5,43.98,990200
2013-01-14,43.89,44.33,43.46,44.15,957100
2013-01-15,44.14,44.3,43.36,44.15,959400
2013-01-16,44.05,44.2,43.49,43.97,1241700
2013-01-17,43.98,44.57,43.53,44.09,1399900
2013-01-18,44.16,44.17,43.17,43.68,1901400
2013-01-22,43.59,44.38,43.31,44.32,1148900
2013-01-23,44.41,44.95,44.2,44.84,1236500
2013-01-24,44.78,45.72,44.59,44.82,1029100
2013-01-25,44.94,46.05,44.76,45.96,1657100
2013-01-28,46.34,47.77,46.02,46.5,2428300
2013-01-29,46.42,46.55,45.65,45.9,1610000
2013-01-30,46.1,46.29,45.16,45.52,1364200
2013-01-31,45.43,46.34,45.07,46.28,1284700
2013-02-01,46.29,46.57,45.63,46.3,1772500
2013-02-04,46.09,46.78,45.56,45.64,1279400
2013-02-05,45.86,46.91,45.7,46.84,1237400
2013-02-06,47.05,49.35,46.82,47.0,4129900
2013-02-07,47.02,47.03,45.66,46.85,1991500
2013-02-08,46.82,47.42,46.48,47.02,913400
2013-02-11,47.13,47.2,46.0,46.23,1232200
2013-02-12,46.22,46.87,45.84,46.66,1813200
2013-02-13,46.79,47.78,46.64,46.9,2629000
2013-02-14,42.58,44.86,42.04,43.55,7033500
2013-02-15,43.6,45.42,43.5,44.42,2817100
2013-02-19,44.49,44.49,43.31,43.52,1607100
2013-02-20,43.53,43.55,42.68,42.76,1231100
2013-02-21,42.2,43.47,42.2,42.94,1498600
2013-02-22,43.11,44.09,42.9,43.85,1986000
2013-02-25,44.13,44.77,43.5,43.64,1846900
2013-02-26,43.68,44.21,43.44,43.73,1138100
2013-02-27,44.15,45.56,44.1,45.27,2194800
2013-02-28,45.24,45.74,44.58,45.54,1993300
2013-03-01,45.42,45.94,44.59,45.62,2159200
2013-03-04,45.42,45.66,44.75,45.51,1841700
2013-03-05,45.79,47.84,45.65,47.68,2586800
2013-03-06,48.0,50.88,47.9,48.63,4827100
2013-03-07,48.59,51.15,48.1,50.59,3630400
2013-03-08,50.77,51.34,50.56,51.03,1531800
2013-03-11,51.09,51.63,50.26,51.4,1223200
2013-03-12,51.34,51.61,50.61,51.15,1781400
2013-03-13,51.14,52.61,50.77,52.39,2037600
2013-03-14,52.5,53.41,52.13,52.59,1482400
2013-03-15,52.47,53.73,52.23,52.4,2655900
2013-03-18,52.12,53.41,51.7,52.43,1098100
2013-03-19,52.51,53.35,51.57,52.3,1256300
2013-03-20,52.47,53.45,52.47,53.24,1319000
2013-03-21,52.56,53.0,51.64,51.75,2136400
2013-03-22,52.06,52.58,51.96,52.5,1077200
2013-03-25,52.93,53.5,52.13,52.24,901400
2013-03-26,53.22,53.22,51.93,52.44,1256100
2013-03-27,52.03,52.73,51.36,52.2,896700
2013-03-28,52.24,52.9,52.14,52.52,1034300
2013-04-01,52.53,54.14,51.48,51.7,1695700
2013-04-02,51.75,51.75,50.13,50.51,2715200
2013-04-03,50.62,50.62,48.75,49.11,2461100
2013-04-04,48.87,49.8,48.65,49.52,1364800
2013-04-05,49.03,49.51,48.29,48.88,1439900
2013-04-08,48.86,49.48,48.27,48.68,1272600
2013-04-09,48.7,49.04,48.18,48.29,1314600
2013-04-10,48.66,50.18,48.41,50.07,2281300
2013-04-11,50.18,52.35,50.11,51.89,1987700
2013-04-12,51.85,52.69,51.6,52.49,1101900
2013-04-15,52.82,53.5,51.1,51.56,3201700
2013-04-16,51.9,52.97,51.85,52.94,1565600
2013-04-17,52.14,52.54,51.08,52.17,1698500
2013-04-18,52.19,52.45,50.95,51.35,1214400
2013-04-19,51.23,51.82,50.62,51.09,779400
2013-04-22,51.29,51.55,50.34,51.09,742900
2013-04-23,51.41,52.55,51.37,52.3,789600
2013-04-24,52.11,52.61,51.0,51.34,1115500
2013-04-25,51.33,53.39,51.3,53.01,2121800
2013-04-26,53.75,54.8,52.83,53.72,3038000
2013-04-29,53.69,54.0,52.25,53.07,1898200
2013-04-30,53.07,53.5,52.38,52.58,1842600
2013-05-01,52.53,53.0,51.88,52.11,1115600
2013-05-02,51.9,53.54,51.9,53.51,1271900
2013-05-03,54.21,55.64,54.0,55.3,2378100
2013-05-06,55.26,55.55,54.83,55.17,1972600
2013-05-07,55.94,56.8,54.07,55.01,2896000
2013-05-08,53.34,54.57,51.72,52.49,4386200
2013-05-09,52.58,53.1,51.76,51.99,2300900
2013-05-10,52.19,54.3,52.15,53.84,2088300
2013-05-13,53.68,55.31,53.29,54.79,1785500
2013-05-14,55.04,58.38,54.81,58.01,3802200
2013-05-15,58.0,60.26,57.91,59.36,2893500
2013-05-16,59.53,60.39,58.65,59.03,2265700
2013-05-17,59.64,60.48,59.25,59.88,2675400
2013-05-20,60.07,63.01,59.9,62.63,3039500
2013-05-21,62.7,63.22,61.89,62.34,1773600
2013-05-22,62.26,63.57,61.0,61.51,2051300
2013-05-23,61.06,62.55,59.07,62.06,1479600
2013-05-24,61.73,62.02,60.8,61.69,1454600
2013-05-28,62.57,64.37,62.01,64.3,2532800
2013-05-29,63.97,64.9,63.12,63.56,1783600
2013-05-30,63.77,64.1,63.14,63.99,1248400
2013-05-31,63.92,65.41,63.76,64.49,6723400
2013-06-03,63.15,63.73,60.93,62.06,4068800
2013-06-04,62.43,63.91,61.81,62.19,2868300
2013-06-05,62.18,62.69,61.25,61.52,1026700
2013-06-06,61.71,62.03,60.73,62.03,1486300
2013-06-07,62.62,64.17,62.4,64.05,1090300
2013-06-10,64.17,64.49,63.57,64.31,932000
2013-06-11,63.95,65.1,63.42,63.86,907900
2013-06-12,64.48,64.82,63.18,63.18,1419100
2013-06-13,63.59,64.54,63.2,64.51,1208100
2013-06-14,64.38,64.84,63.67,63.75,1244100
2013-06-17,64.18,65.04,63.6,64.36,2113900
2013-06-18,64.19,65.2,63.72,63.85,1659700
2013-06-19,63.41,64.85,63.37,63.77,973200
2013-06-20,62.7,63.69,61.32,61.52,1496600
2013-06-21,61.86,62.29,60.1,60.28,2821800
2013-06-24,59.48,61.23,58.74,60.68,1454700
2013-06-25,61.12,61.83,60.79,61.53,926900
2013-06-26,62.35,63.02,60.76,61.91,2344800
2013-06-27,62.17,62.72,60.55,60.84,2360100
2013-06-28,60.76,61.56,60.47,60.87,4314600
2013-07-01,61.45,61.78,60.11,61.07,2544100
2013-07-02,60.91,61.13,60.0,60.23,1817200
2013-07-03,59.61,60.85,59.54,60.79,1203400
2013-07-05,60.85,61.74,60.37,61.7,1602300
2013-07-08,62.0,63.47,61.88,63.16,2060600
2013-07-09,63.54,63.75,62.24,62.74,1302200
2013-07-10,62.74,63.01,60.52,61.93,1746900
2013-07-11,62.34,62.56,59.74,60.44,2705300
2013-07-12,60.33,61.49,60.11,61.05,1265400
2013-07-15,61.35,61.35,60.09,60.45,807800
2013-07-16,60.67,60.95,59.85,60.62,1416200
2013-07-17,60.94,61.34,60.2,61.09,1037200
2013-07-18,61.61,62.97,61.5,62.27,1269600
2013-07-19,62.37,62.39,60.25,60.62,1249000
2013-07-22,61.11,61.27,60.27,60.65,1283900
2013-07-23,60.98,61.29,60.03,60.66,1400000
2013-07-24,60.6,62.15,60.41,61.14,2704000
2013-07-25,69.88,72.26,68.71,71.1,5496900
2013-07-26,70.46,74.86,70.46,73.95,2980500
2013-07-29,73.49,74.74,72.01,73.29,1308600
2013-07-30,73.94,74.66,73.27,73.27,1014200
2013-07-31,73.71,76.2,73.59,75.02,1814400
2013-08-01,75.78,76.93,75.14,75.89,1193400
2013-08-02,75.9,76.27,74.92,75.79,1053300
2013-08-05,75.96,78.04,75.83,78.01,1008500
2013-08-06,78.2,80.69,77.43,79.28,2520200
2013-08-07,78.89,78.99,76.33,77.99,1352900
2013-08-08,78.55,80.54,78.48,79.71,1081300
2013-08-09,80.9,81.49,80.01,80.94,1429000
2013-08-12,80.76,82.19,80.03,81.26,1113800
2013-08-13,81.5,81.7,79.68,80.96,933200
2013-08-14,80.61,81.99,72.88,73.55,6889900
2013-08-15,71.53,72.16,69.56,70.52,4459600
2013-08-16,70.29,72.48,69.19,70.99,2405000
2013-08-19,71.15,72.29,69.22,69.26,1408300
2013-08-20,69.36,70.2,68.84,69.81,1230000
2013-08-21,69.49,71.25,69.42,70.2,1022100
2013-08-22,70.39,71.43,70.0,71.21,869700
2013-08-23,71.65,72.62,70.91,71.87,1225200
2013-08-26,71.72,72.64,71.5,72.25,1137200
2013-08-27,71.21,71.78,70.6,71.08,1403400
2013-08-28,71.51,73.16,71.16,72.52,1119500
2013-08-29,72.32,74.61,71.28,74.18,1009100
2013-08-30,74.64,74.67,72.6,73.97,1054000
2013-09-03,74.9,75.31,72.76,73.82,1132500
2013-09-04,74.02,74.96,73.32,74.74,602600
2013-09-05,74.61,75.73,74.17,74.67,1000800
2013-09-06,74.96,75.47,73.05,74.11,1012000
2013-09-09,74.53,75.2,74.29,74.5,1198700
2013-09-10,74.25,74.64,72.25,72.62,2319300
2013-09-11,72.53,74.4,72.42,73.79,1645600
2013-09-12,73.93,75.9,73.85,74.49,1258000
2013-09-13,74.37,74.37,72.42,72.82,1291000
2013-09-16,73.83,74.16,72.56,72.6,745800
2013-09-17,73.4,73.46,72.11,72.93,853600
2013-09-18,73.14,74.61,72.5,73.92,1645500
2013-09-19,74.32,75.0,73.14,74.27,1196300
2013-09-20,74.27,79.08,74.25,75.12,4442400
2013-09-23,77.0,78.17,73.54,74.3,2376600
2013-09-24,74.15,75.74,73.12,75.3,1212700
2013-09-25,75.29,75.92,74.06,74.78,1245500
2013-09-26,74.99,75.89,74.58,75.3,883800
2013-09-27,75.0,76.09,74.1,75.85,1048800
2013-09-30,74.72,76.61,74.16,75.84,1339300
2013-10-01,75.74,78.6,75.3,78.5,1755500
2013-10-02,78.15,79.79,77.61,79.66,1779300
2013-10-03,79.51,79.89,77.31,78.66,1705700
2013-10-04,78.35,79.46,78.0,78.41,1706600
2013-10-07,77.89,78.0,75.66,75.85,1752000
2013-10-08,75.74,75.83,70.87,71.7,2973200
2013-10-09,71.22,72.07,68.11,70.67,2673600
2013-10-10,71.88,72.82,70.15,72.27,2368100
2013-10-11,72.35,74.38,72.12,74.01,2875400
2013-10-14,73.4,75.07,72.54,75.01,3288400
2013-10-15,75.23,75.43,73.5,73.87,3511200
2013-10-16,74.41,75.35,73.75,75.0,2524700
2013-10-17,74.84,74.84,72.08,72.74,2517700
2013-10-18,73.13,73.5,71.6,71.87,2557300
2013-10-21,72.1,74.15,72.05,74.11,2517600
2013-10-22,75.6,77.3,73.14,75.5,3555900
2013-10-23,75.05,75.98,73.15,75.21,4724600
2013-10-24,72.0,75.15,69.33,74.85,10534800
2013-10-25,75.3,77.57,74.96,76.98,3246200
2013-10-28,76.89,78.22,75.88,77.79,2266300
2013-10-29,77.85,82.35,77.51,82.26,3277500
2013-10-30,82.48,83.0,79.63,80.22,3152600
2013-10-31,81.5,84.64,81.2,82.72,3513300
2013-11-01,83.08,84.1,82.21,83.38,1793100
2013-11-04,84.0,88.41,83.42,88.22,3270900
2013-11-05,88.06,89.47,86.35,88.07,2781100
2013-11-06,88.01,88.68,86.1,86.61,1919700
2013-11-07,86.53,87.0,80.69,83.88,3475700
2013-11-08,84.09,85.9,83.17,84.48,1939800
2013-11-11,84.4,85.96,83.77,85.02,1754400
2013-11-12,84.94,85.22,83.65,84.9,1881000
2013-11-13,84.85,87.6,83.58,87.49,2465100
2013-11-14,87.62,89.18,87.16,89.18,2412000
2013-11-15,89.76,90.43,87.26,87.77,2300300
2013-11-18,87.64,89.21,86.52,87.42,1852400
2013-11-19,87.21,88.98,86.6,87.51,1376000
2013-11-20,87.92,88.55,86.74,87.13,915000
2013-11-21,87.27,88.37,87.02,87.27,1261700
2013-11-22,87.5,88.39,87.01,87.4,1082600
2013-11-25,87.88,88.47,86.07,86.61,1170900
2013-11-26,86.48,88.2,85.23,87.38,1703100
2013-11-27,87.38,88.94,87.29,88.31,740000
2013-11-29,88.69,89.46,88.23,88.32,431000
2013-12-02,88.25,89.57,86.9,87.54,1186100
2013-12-03,87.17,87.62,85.29,85.92,1430400
2013-12-04,85.32,86.84,84.52,85.13,1933100
2013-12-05,85.11,87.63,84.72,85.54,1473000
2013-12-06,86.76,87.97,84.67,85.61,1631800
2013-12-09,85.75,87.0,84.13,84.77,2298400
2013-12-10,84.82,85.9,84.52,84.98,1746800
2013-12-11,84.86,85.26,82.32,82.79,1754600
2013-12-12,82.84,83.91,82.13,82.6,2181200
2013-12-13,82.71,83.32,81.27,81.38,1596800
2013-12-16,82.05,83.2,81.54,81.89,1858900
2013-12-17,80.63,81.63,79.73,80.9,2356200
2013-12-18,80.9,81.6,78.67,81.41,3046000
2013-12-19,81.4,82.88,81.27,82.02,1413100
2013-12-20,82.44,83.7,81.63,83.13,6376000
2013-12-23,83.78,83.8,82.55,83.4,936900
2013-12-24,83.58,83.65,82.1,82.82,583800
2013-12-26,82.95,84.12,82.85,83.47,1369300
2013-12-27,83.82,83.89,81.45,81.64,892500
2013-12-30,81.46,81.98,80.76,81.67,801200
2013-12-31,81.84,82.89,81.38,82.83,814100
2014-01-02,82.48,82.5,79.4,80.48,1995600
2014-01-03,80.5,81.34,79.71,80.92,1284500
2014-01-06,80.82,81.09,79.35,80.38,1631100
2014-01-07,80.03,85.58,80.03,84.91,2535600
2014-01-08,84.76,85.63,84.28,85.15,1455400
2014-01-09,85.72,86.25,84.19,85.17,1389100
2014-01-10,85.4,86.8,85.15,86.8,2071500
2014-01-13,86.43,86.83,83.68,84.45,1885100
2014-01-14,82.87,84.68,82.36,84.31,1265500
2014-01-15,85.38,85.38,83.21,84.34,1197900
2014-01-16,84.26,84.87,83.27,84.76,1057300
2014-01-17,84.63,85.9,83.78,83.9,1364700
2014-01-21,84.66,85.16,81.26,81.5,1834600
2014-01-22,81.72,82.87,81.71,82.47,1898400
2014-01-23,82.07,82.15,80.74,81.34,1629500
2014-01-24,80.44,81.42,80.25,80.36,2297400
2014-01-27,80.34,80.79,77.05,77.91,2300700
2014-01-28,77.43,78.73,76.78,77.77,1719700
2014-01-29,77.07,78.1,76.22,76.67,1633600
2014-01-30,77.68,78.67,76.9,77.79,1198400
2014-01-31,76.17,78.13,75.56,77.19,1841100
2014-02-03,76.94,77.47,72.57,73.91,2128800
2014-02-04,74.11,76.6,73.7,76.37,2364900
2014-02-05,76.27,76.53,74.69,76.16,2018600
2014-02-06,76.22,77.34,75.08,77.14,2151500
2014-02-07,79.91,85.42,79.85,84.45,5212500
2014-02-10,84.05,84.76,82.37,84.05,2585300
2014-02-11,85.19,85.19,83.06,84.2,4589200
2014-02-12,87.95,93.13,87.6,90.27,9546600
2014-02-13,89.28,92.47,88.72,92.3,2880100
2014-02-14,91.94,92.29,90.94,91.25,2235900
2014-02-18,91.19,93.86,90.56,93.35,1989200
2014-02-19,92.87,95.0,92.84,93.76,1890200
2014-02-20,94.11,96.91,94.11,96.8,2303700
2014-02-21,96.85,97.97,96.22,96.92,1970500
2014-02-24,97.0,98.47,96.5,98.26,1307600
2014-02-25,98.58,102.7,97.82,101.04,2384300
2014-02-26,101.73,102.65,99.21,100.18,1879500
2014-02-27,100.19,100.8,99.55,99.72,1396200
2014-02-28,100.66,102.85,98.58,100.24,2071300
2014-03-03,98.81,100.7,98.19,100.55,1550400
2014-03-04,102.99,107.24,102.55,106.89,2646300
2014-03-05,106.74,107.78,105.85,107.3,2297300
2014-03-06,107.81,108.73,107.05,108.38,2442800
2014-03-07,109.38,109.46,106.53,108.06,2361500
2014-03-10,109.16,109.79,106.9,107.54,1478100
2014-03-11,107.96,107.96,104.0,104.73,1774900
2014-03-12,104.34,107.18,102.54,106.69,2186600
2014-03-13,107.28,107.77,102.11,103.21,1621700
2014-03-14,102.82,105.29,102.23,102.95,1618000
2014-03-17,104.81,106.9,104.46,104.53,1599000
2014-03-18,104.53,106.61,104.36,105.2,963400
2014-03-19,105.03,105.54,102.89,103.76,1338500
2014-03-20,103.68,105.25,102.59,103.36,1331500
2014-03-21,103.61,104.74,101.4,101.51,1865300
2014-03-24,101.85,102.67,96.05,97.58,2403900
2014-03-25,98.38,99.75,95.31,96.48,1677500
2014-03-26,97.0,97.04,92.41,92.71,2182500
2014-03-27,92.26,92.34,88.82,89.95,3591700
2014-03-28,89.64,92.14,89.08,90.05,2143700
2014-03-31,90.56,92.19,90.07,90.59,1645800
2014-04-01,91.23,95.78,90.75,95.55,2617500
2014-04-02,95.4,96.33,94.02,95.16,1681100
2014-04-03,95.26,96.18,90.82,91.3,1874100
2014-04-04,92.19,92.48,83.76,85.69,5284100
2014-04-07,85.22,85.49,80.59,83.36,4267100
2014-04-08,83.47,87.74,82.79,86.07,3630100
2014-04-09,86.18,88.61,85.13,88.11,2471800
2014-04-10,87.69,87.96,81.78,81.9,2852500
2014-04-11,80.27,82.91,77.68,78.99,3103000
2014-04-14,80.15,80.76,78.03,79.77,2133500
2014-04-15,80.44,84.08,80.04,83.3,3750300
2014-04-16,84.12,86.94,83.39,84.8,2340600
2014-04-17,84.31,86.64,83.68,85.68,2320200
2014-04-21,85.83,85.91,84.04,84.8,1241000
2014-04-22,85.11,87.3,85.01,85.77,1390900
2014-04-23,85.93,86.05,82.96,83.28,1322800
2014-04-24,84.37,84.46,81.38,83.48,2129400
2014-04-25,82.6,83.0,77.12,77.39,3627600
2014-04-28,78.34,80.56,75.13,77.28,4101300
2014-04-29,78.47,81.58,77.19,80.83,2930900
2014-04-30,80.11,81.34,78.91,80.74,2291600
2014-05-01,81.51,84.88,81.5,83.5,2373200
2014-05-02,83.63,85.57,82.21,82.6,2030200
2014-05-05,82.02,84.87,81.4,84.71,2783200
2014-05-06,85.22,85.93,80.42,81.37,5609100
2014-05-07,83.95,86.16,80.16,83.99,7148100
2014-05-08,82.26,85.94,81.62,83.22,3343100
2014-05-09,82.71,84.88,82.67,84.58,1872600
2014-05-12,85.4,90.71,85.07,89.51,4326700
2014-05-13,89.34,89.51,85.93,86.09,2402400
2014-05-14,86.12,86.96,84.07,84.19,2054700
2014-05-15,84.08,84.17,81.43,83.61,2521600
2014-05-16,83.45,83.74,80.27,82.16,3007200
2014-05-19,82.15,86.6,81.9,86.41,2177800
2014-05-20,86.05,88.59,85.14,85.87,2959500
2014-05-21,86.52,88.35,85.4,88.16,1659200
2014-05-22,88.39,91.34,87.17,91.01,2366300
2014-05-23,91.13,94.93,90.1,94.42,2531000
2014-05-27,94.78,96.75,94.17,95.42,1978500
2014-05-28,95.04,96.0,94.2,95.19,1563900
2014-05-29,95.92,98.36,95.55,98.2,1770100
2014-05-30,98.39,98.62,96.38,97.17,1884100
2014-06-02,99.97,100.0,97.26,97.77,1674900
2014-06-03,97.22,98.31,95.82,98.0,1620000
2014-06-04,97.65,99.59,96.27,99.35,1464000
2014-06-05,99.5,103.32,98.77,103.03,3390100
2014-06-06,103.14,104.47,102.1,104.05,2085900
2014-06-09,104.05,104.2,103.07,103.7,1890600
2014-06-10,103.82,104.56,102.22,102.68,1416200
2014-06-11,102.43,104.12,101.38,103.52,1376400
2014-06-12,104.08,104.25,101.14,101.72,1760300
2014-06-13,103.19,103.93,100.76,101.98,2106200
2014-06-16,102.0,104.11,101.27,103.97,1595900
2014-06-17,104.28,106.5,104.05,104.57,1620600
2014-06-18,104.68,105.39,103.03,105.24,1216000
2014-06-19,105.88,106.0,101.75,102.98,1237000
2014-06-20,103.31,104.61,102.5,103.53,2072800
2014-06-23,103.69,104.31,102.17,103.87,1225300
2014-06-24,103.59,107.43,103.21,104.68,2149100
2014-06-25,104.3,108.63,104.03,108.5,1605400
2014-06-26,108.2,108.88,106.6,107.87,1680100
2014-06-27,107.66,110.4,107.02,110.21,1586300
2014-06-30,110.01,111.24,108.02,108.66,1770100
2014-07-01,109.13,109.79,107.9,109.01,1702700
2014-07-02,109.0,110.22,107.69,108.12,880900
2014-07-03,108.92,109.48,107.76,109.18,952200
2014-07-07,109.08,109.14,107.24,107.41,1056300
2014-07-08,107.64,107.64,100.61,101.45,2826100
2014-07-09,102.01,103.59,101.47,103.52,1921000
2014-07-10,100.88,104.36,100.44,103.35,1357500
2014-07-11,103.64,105.34,103.34,104.78,916500
2014-07-14,103.99,104.21,101.55,104.05,2520000
2014-07-15,104.34,104.49,101.78,102.68,1234100
2014-07-16,103.32,104.76,101.5,101.96,1201400
2014-07-17,101.25,103.74,100.76,101.15,1519800
2014-07-18,102.05,104.31,101.58,104.17,1117900
2014-07-21,103.57,104.11,101.46,103.14,1223000
2014-07-22,104.38,105.33,103.17,104.17,1483800
2014-07-23,103.65,107.67,103.65,107.36,3960100
2014-07-24,97.0,102.99,95.26,101.79,10669900
2014-07-25,101.81,102.86,98.11,99.88,2506700
2014-07-28,100.14,100.8,98.8,99.3,1644400
2014-07-29,99.46,100.11,98.87,99.21,1305600
2014-07-30,99.98,100.44,98.89,100.02,1220800
2014-07-31,98.94,98.94,94.17,94.84,2465600
2014-08-01,94.49,95.25,91.78,93.87,2416800
2014-08-04,94.16,95.75,93.88,94.79,1527700
2014-08-05,94.32,95.4,93.35,94.07,1225700
2014-08-06,93.44,95.61,93.27,94.03,909300
2014-08-07,94.45,96.64,94.05,94.45,1144200
2014-08-08,94.92,95.49,93.74,95.29,875600
2014-08-11,95.62,96.31,94.34,95.63,1061900
2014-08-12,95.79,96.74,93.87,94.75,1053700
2014-08-13,95.59,97.63,94.92,96.84,1146900
2014-08-14,96.84,97.35,96.04,96.97,850500
2014-08-15,98.25,98.5,95.78,97.1,1352100
2014-08-18,97.56,98.5,97.26,97.96,743600
2014-08-19,98.0,98.39,96.13,97.37,1066300
2014-08-20,97.46,98.39,96.54,98.15,1109500
2014-08-21,98.02,98.15,96.95,97.9,861600
2014-08-22,98.27,103.1,97.05,101.99,2013700
2014-08-25,102.53,104.19,102.08,103.79,1981200
2014-08-26,104.33,105.22,103.56,104.51,1110700
2014-08-27,104.07,104.44,101.55,101.78,1153000
2014-08-28,101.15,101.25,98.25,99.37,2186400
2014-08-29,99.71,100.78,98.71,99.09,1154400
2014-09-02,99.59,99.96,98.45,99.44,1425200
2014-09-03,100.14,100.23,98.05,98.28,982700
2014-09-04,98.14,99.04,97.5,98.29,1468000
2014-09-05,99.4,99.5,97.82,98.26,1701300
2014-09-08,98.11,99.42,97.95,99.23,1737900
2014-09-09,99.0,100.0,96.35,96.37,2855900
2014-09-10,96.53,98.47,95.43,98.03,2491300
2014-09-11,97.32,98.63,97.15,98.5,1312400
2014-09-12,98.09,99.35,97.46,99.32,1671500
2014-09-15,99.23,99.75,94.33,95.22,1890400
2014-09-16,94.55,96.62,93.9,95.8,1397100
2014-09-17,96.02,96.63,94.83,96.01,1356500
2014-09-18,96.29,99.15,96.29,97.95,1507700
2014-09-19,98.29,99.57,97.41,98.37,1514300
2014-09-22,97.84,98.0,92.82,94.29,2893400
2014-09-23,93.96,94.59,92.25,92.95,1793800
2014-09-24,92.89,94.75,91.52,94.33,1707200
2014-09-25,94.23,94.6,91.07,91.19,1781400
2014-09-26,91.51,92.51,90.85,92.15,1420800
2014-09-29,91.22,91.88,90.65,90.8,1223600
2014-09-30,90.92,92.3,89.1,91.42,1876100
2014-10-01,91.01,91.08,88.91,89.49,2138500
2014-10-02,89.0,89.94,86.64,88.39,2714900
2014-10-03,89.31,90.05,88.62,88.63,3119300
2014-10-06,89.18,90.94,88.66,88.92,2890100
2014-10-07,88.36,89.18,86.95,86.96,3042800
2014-10-08,87.03,89.2,85.82,88.54,2137700
2014-10-09,88.75,88.86,84.97,85.91,2456600
2014-10-10,85.35,85.95,82.47,82.59,2249300
2014-10-13,82.31,83.4,79.2,79.64,4664900
2014-10-14,80.06,81.15,77.47,78.97,3001400
2014-10-15,77.19,79.04,75.34,78.89,3103900
2014-10-16,76.7,79.98,76.24,79.52,1953000
2014-10-17,80.82,81.46,80.5,81.05,1818500
2014-10-20,80.76,84.04,80.76,83.54,1828800
2014-10-21,85.0,88.35,84.51,88.09,2858400
2014-10-22,88.1,88.49,85.89,85.92,1426800
2014-10-23,86.67,88.76,85.6,87.63,1365500
2014-10-24,87.26,88.41,86.63,88.25,880900
2014-10-27,87.54,88.22,86.33,86.93,990700
2014-10-28,87.09,88.83,87.0,88.82,1015800
2014-10-29,88.6,88.63,86.77,87.38,1276900
2014-10-30,86.74,88.06,85.27,86.31,1535800
2014-10-31,88.63,89.67,87.31,88.66,1947100
2014-11-03,89.33,89.35,85.0,85.21,2787300
2014-11-04,83.66,84.97,82.62,83.79,4905700
2014-11-05,73.69,74.49,71.05,71.95,14041100
2014-11-06,72.3,74.49,72.2,74.01,3842600
2014-11-07,74.17,74.37,72.8,73.65,1815400
2014-11-10,73.72,74.14,72.42,72.89,2006200
2014-11-11,72.81,73.27,68.88,69.99,4832300
2014-11-12,69.98,70.74,69.35,70.38,2515400
2014-11-13,70.6,71.69,68.44,69.02,2693000
2014-11-14,69.14,69.98,67.14,69.91,3302500
2014-11-17,69.65,70.18,68.28,68.53,1981800
2014-11-18,68.31,70.48,68.31,70.21,3015800
2014-11-19,70.32,71.41,69.5,71.4,2793700
2014-11-20,71.43,72.28,70.76,71.45,2404900
2014-11-21,72.51,72.51,71.11,71.31,1867800
2014-11-24,71.85,72.18,70.87,71.82,1583900
2014-11-25,71.86,72.02,70.65,71.86,1540700
2014-11-26,71.86,72.97,71.55,72.77,1634800
2014-11-28,72.84,74.29,72.83,73.65,1316000
2014-12-01,73.5,73.7,70.59,71.05,2255500
2014-12-02,72.0,76.97,71.75,76.68,5317300
2014-12-03,75.62,76.86,75.31,75.73,3306600
2014-12-04,75.75,77.94,75.21,77.22,2888400
2014-12-05,77.58,77.86,76.87,77.14,2071200
2014-12-08,76.98,76.98,73.59,74.0,2939500
2014-12-09,73.19,74.37,72.54,74.06,2279000
2014-12-10,74.02,74.64,72.15,72.44,1999300
2014-12-11,73.0,74.37,72.5,72.8,1923600
2014-12-12,72.07,73.6,71.58,72.38,1458000
2014-12-15,73.2,73.69,71.91,72.19,1408300
2014-12-16,71.88,72.74,71.15,71.21,1786800
2014-12-17,71.38,72.63,71.0,72.53,1960000
2014-12-18,73.13,75.09,73.07,75.07,1843500
2014-12-19,75.3,75.93,74.84,75.65,2788300
2014-12-22,75.75,76.9,75.73,76.87,1728300
2014-12-23,77.1,77.41,75.61,75.89,2447900
2014-12-24,76.05,76.47,75.93,76.14,373000
2014-12-26,76.52,77.19,76.16,76.91,634500
2014-12-29,76.64,76.64,75.43,75.76,1362300
2014-12-30,75.29,76.37,75.0,75.49,1223300
2014-12-31,75.78,76.0,74.5,74.66,2063900
2015-01-02,75.57,76.12,73.68,74.59,1374500
2015-01-05,74.36,74.49,72.41,72.73,1994100
2015-01-06,72.67,73.0,68.84,70.01,2761200
2015-01-07,70.84,71.3,70.43,70.84,2017400
2015-01-08,69.4,73.56,69.36,73.26,1977400
2015-01-09,73.68,74.83,73.09,74.53,2140600
2015-01-12,74.7,74.98,70.81,71.45,2073400
2015-01-13,72.12,73.61,70.71,71.47,1513400
2015-01-14,70.81,71.23,68.27,69.73,2023700
2015-01-15,70.0,70.36,66.26,66.39,2220500
2015-01-16,66.17,68.28,66.04,68.18,1997600
2015-01-20,68.75,69.43,67.48,69.24,1614900
2015-01-21,69.0,69.95,68.72,69.35,1433200
2015-01-22,69.6,71.29,68.64,71.12,1848300
2015-01-23,70.7,71.53,69.67,69.77,2145900
2015-01-26,69.65,70.01,69.07,69.32,1799800
2015-01-27,68.46,70.57,67.74,69.1,1674400
2015-01-28,69.47,69.99,67.85,67.93,1157800
2015-01-29,67.98,68.44,66.48,68.0,1488300
2015-01-30,67.39,68.12,66.27,67.01,1753200
2015-02-02,67.27,67.83,66.18,67.7,1257700
2015-02-03,69.0,70.97,68.57,70.81,2038500
2015-02-04,70.62,71.76,70.42,71.18,1724700
2015-02-05,71.32,71.59,70.53,70.58,1247100
2015-02-06,70.0,70.25,67.79,68.58,2846100
2015-02-09,68.15,69.22,68.09,68.47,3818000
2015-02-10,69.1,70.23,68.4,69.98,3409700
2015-02-11,69.75,70.17,66.62,67.27,6311100
2015-02-12,77.11,84.7,77.0,82.4,12738400
2015-02-13,81.74,84.87,80.52,84.81,4572300
2015-02-17,84.84,84.88,83.88,84.26,3028900
2015-02-18,84.33,85.64,84.08,85.58,3922900
2015-02-19,85.92,89.11,85.82,88.66,4075300
2015-02-20,88.54,88.93,87.31,88.78,2957200
2015-02-23,88.8,89.69,87.37,88.87,2578100
2015-02-24,88.46,89.15,87.97,88.5,1819600
2015-02-25,88.14,89.5,88.12,89.17,2397200
2015-02-26,89.18,90.3,89.17,89.86,2583700
2015-02-27,90.17,90.4,88.93,89.25,1800300
2015-03-02,89.29,91.25,89.13,91.21,1647500
2015-03-03,91.0,91.47,87.86,90.47,4202200
2015-03-04,90.45,90.53,87.99,89.24,1962800
2015-03-05,89.36,89.49,87.11,87.98,2429400
2015-03-06,87.35,87.98,84.93,85.7,2622500
2015-03-09,85.7,86.42,84.98,86.01,1476800
2015-03-10,84.83,85.23,83.5,84.17,1534300
2015-03-11,84.2,84.4,83.15,83.22,1393600
2015-03-12,83.43,84.66,83.23,84.15,1377000
2015-03-13,83.86,84.27,82.0,82.52,1353900
2015-03-16,83.03,83.57,82.4,83.17,1196200
2015-03-17,82.78,83.7,82.33,83.4,1174100
2015-03-18,83.1,84.58,82.73,84.31,1674800
2015-03-19,84.53,84.96,83.28,83.8,1575000
2015-03-20,84.59,86.53,84.04,86.35,3192100
2015-03-23,86.61,87.2,86.35,86.51,1856700
2015-03-24,86.5,86.5,85.35,85.38,1537900
2015-03-25,85.48,85.55,84.02,84.18,2343200
2015-03-26,83.82,84.25,82.97,83.62,1378600
2015-03-27,83.38,84.15,83.17,83.79,897400
2015-03-30,84.31,84.6,83.46,83.61,1096800
2015-03-31,83.41,84.18,83.17,83.17,1257300
2015-04-01,83.38,83.51,81.58,82.34,1545000
2015-04-02,82.48,83.32,82.05,82.51,1159200
2015-04-06,80.61,83.86,80.55,83.4,2779200
2015-04-07,83.46,83.8,82.8,82.83,952200
2015-04-08,83.01,83.97,82.66,83.05,1128400
2015-04-09,83.33,83.8,81.99,83.18,1805300
2015-04-10,83.12,83.3,82.51,82.93,1084600
2015-04-13,83.13,84.45,83.0,83.52,833200
2015-04-14,83.56,83.84,82.05,83.27,1001200
2015-04-15,83.33,83.8,82.38,83.09,1062000
2015-04-16,83.34,84.62,82.53,82.6,927700
2015-04-17,82.0,82.55,79.88,80.71,2163400
2015-04-20,81.06,81.5,80.71,80.97,1411500
2015-04-21,81.2,81.4,80.71,81.28,1284600
2015-04-22,81.53,82.87,80.84,82.72,1245000
2015-04-23,82.34,83.34,82.02,82.79,900200
2015-04-24,82.83,83.56,81.41,81.57,1029300
2015-04-27,81.91,83.77,81.45,81.69,912500
2015-04-28,81.55,82.38,80.96,81.56,1637700
2015-04-29,81.26,82.85,81.18,81.7,1653300
2015-04-30,81.54,81.68,79.83,80.49,1649300
2015-05-01,81.89,83.0,79.82,80.82,1815600
2015-05-04,81.33,81.33,79.8,79.91,1998800
2015-05-05,78.47,79.82,77.33,77.72,3296500
2015-05-06,78.14,78.46,76.28,76.8,4451000
2015-05-07,78.18,80.72,75.65,78.47,6611600
2015-05-08,79.4,82.25,79.03,81.93,2644700
2015-05-11,82.01,82.82,81.11,81.63,1720400
2015-05-12,81.01,81.77,80.65,80.82,1515200
2015-05-13,80.78,81.51,80.74,81.15,1190000
2015-05-14,81.44,82.25,80.93,82.16,1203300
2015-05-15,82.18,82.61,81.3,81.83,891900
2015-05-18,81.86,82.36,81.34,81.49,1839100
2015-05-19,81.97,82.51,80.29,80.65,1303900
2015-05-20,80.78,80.93,79.0,79.77,1789600
2015-05-21,79.72,80.19,79.03,79.3,1401200
2015-05-22,79.66,80.37,79.66,80.27,1301800
2015-05-26,80.11,80.57,77.69,77.77,1802100
2015-05-27,77.88,78.63,77.78,78.5,1251600
2015-05-28,78.26,78.54,76.79,76.8,1066100
2015-05-29,76.71,76.77,75.62,76.26,2173800
2015-06-01,76.24,76.94,75.7,76.51,1431500
2015-06-02,76.15,77.06,75.76,76.32,982100
2015-06-03,76.03,76.22,74.76,75.07,1828900
2015-06-04,74.68,75.15,74.14,75.12,1741800
2015-06-05,74.96,76.51,74.7,76.41,1640500
2015-06-08,76.29,76.49,75.42,75.49,1893700
2015-06-09,75.35,75.73,74.8,75.21,810400
2015-06-10,75.63,76.98,75.63,76.47,1167600
2015-06-11,76.64,77.09,75.92,76.26,1287700
2015-06-12,75.86,76.29,75.48,76.1,930200
2015-06-15,75.51,76.0,74.76,75.83,1195700
2015-06-16,75.56,76.78,75.56,76.45,962100
2015-06-17,76.62,88.79,75.89,87.65,15024700
2015-06-18,85.77,91.42,85.65,90.67,8555800
2015-06-19,90.69,91.28,89.56,90.94,3659200
2015-06-22,91.15,92.0,90.11,90.74,1703600
2015-06-23,90.73,90.81,89.41,90.24,1623400
2015-06-24,89.93,90.14,88.42,88.98,1318900
2015-06-25,89.15,89.15,87.96,88.16,902300
2015-06-26,87.97,88.91,87.97,88.84,1160900
2015-06-29,87.66,88.5,85.55,85.77,1225200
2015-06-30,87.01,87.61,86.02,87.14,1273100
2015-07-01,88.0,88.78,86.53,86.9,958100
2015-07-02,87.01,87.67,86.21,86.87,1028100
2015-07-06,86.5,86.99,85.9,86.89,1149800
2015-07-07,87.03,87.19,84.88,86.83,1214500
2015-07-08,85.6,86.73,85.15,85.58,1030300
2015-07-09,86.53,87.47,85.96,85.96,990000
2015-07-10,87.17,88.57,86.56,88.44,1029100
2015-07-13,89.41,90.73,89.05,90.3,1319800
2015-07-14,89.97,91.13,89.41,89.68,1377800
2015-07-15,89.41,90.96,89.03,90.38,1040300
2015-07-16,91.02,91.81,89.98,91.11,1063200
2015-07-17,91.3,92.75,90.87,92.18,1305800
2015-07-20,92.68,92.8,91.23,91.99,1284700
2015-07-21,92.31,92.71,90.06,92.55,1801500
2015-07-22,92.59,93.7,91.58,91.75,1600200
2015-07-23,92.19,94.0,91.8,93.37,4130300
2015-07-24,84.54,86.36,80.39,80.86,7178600
2015-07-27,80.35,82.47,78.93,80.6,3158900
2015-07-28,80.85,80.85,79.17,79.34,2622100
2015-07-29,78.84,80.1,78.78,79.71,1833500
2015-07-30,79.6,79.64,77.75,78.69,2395300
2015-07-31,78.79,79.42,77.32,79.38,2082300
2015-08-03,79.39,80.05,78.23,78.85,1439700
2015-08-04,78.64,79.28,78.04,78.4,1218400
2015-08-05,79.68,80.24,77.92,77.96,1965300
2015-08-06,77.95,78.12,74.78,76.12,2371700
2015-08-07,76.24,76.41,73.85,74.32,1938400
2015-08-10,75.2,75.7,73.87,75.31,1701600
2015-08-11,74.55,75.05,73.83,74.67,1883600
2015-08-12,73.54,73.85,71.53,73.5,2237100
2015-08-13,73.27,73.88,71.3,71.7,2278800
2015-08-14,71.84,72.91,71.55,72.49,1123600
2015-08-17,72.3,73.57,71.07,73.5,1132000
2015-08-18,73.47,73.47,71.91,72.26,1337500
2015-08-19,71.87,72.18,71.14,71.75,1552400
2015-08-20,70.79,71.75,70.21,70.38,1995200
2015-08-21,69.79,71.12,69.01,69.51,2572000
2015-08-24,65.65,69.06,62.5,66.27,2717600
2015-08-25,68.63,69.8,66.25,66.54,2429900
2015-08-26,67.83,68.72,65.79,68.38,3288000
2015-08-27,69.23,70.76,68.66,70.34,1596900
2015-08-28,69.72,70.88,69.2,70.6,1229900
2015-08-31,70.11,70.84,69.52,69.9,1302000
2015-09-01,68.16,69.53,67.89,68.19,1942400
2015-09-02,69.34,69.96,68.45,69.73,1031100
2015-09-03,69.86,71.16,69.16,69.47,2235300
2015-09-04,68.6,68.74,67.12,67.21,1576600
2015-09-08,67.5,68.09,67.36,67.6,2224600
2015-09-09,68.32,68.53,66.75,66.92,1512200
2015-09-10,66.63,68.4,66.34,67.49,1907000
2015-09-11,67.36,67.86,65.62,66.92,1882000
2015-09-14,67.16,68.34,66.4,67.79,1270000
2015-09-15,67.41,70.34,66.27,70.06,2392600
2015-09-16,70.36,70.74,69.23,69.9,2070500
2015-09-17,69.85,70.49,69.1,69.89,2393000
2015-09-18,69.21,70.1,68.4,68.64,1909300
2015-09-21,68.87,69.3,67.99,68.38,883600
2015-09-22,67.73,68.38,66.53,67.2,1277200
2015-09-23,67.08,67.72,65.66,65.69,1113900
2015-09-24,65.1,65.7,64.37,65.46,1480100
2015-09-25,65.74,66.49,64.34,64.89,1299800
2015-09-28,64.7,65.3,62.79,62.88,1541700
2015-09-29,62.97,63.96,62.24,63.42,1181500
2015-09-30,64.01,64.32,62.62,63.02,1562500
2015-10-01,63.24,64.34,63.0,64.13,1641500
2015-10-02,63.23,66.36,63.07,66.36,1273200
2015-10-05,67.3,67.78,66.81,67.24,1224500
2015-10-06,67.2,68.16,66.76,66.84,1507800
2015-10-07,67.19,68.43,66.14,67.73,955100
2015-10-08,67.4,69.65,67.4,69.58,1062800
2015-10-09,69.34,69.38,67.57,67.98,1488600
2015-10-12,68.01,68.5,66.71,67.48,779100
2015-10-13,67.13,68.3,66.43,66.69,819600
2015-10-14,81.98,84.5,78.2,83.72,19927600
2015-10-15,83.21,83.55,79.82,83.36,4997500
2015-10-16,83.7,83.72,81.09,83.2,2537100
2015-10-19,83.39,85.16,82.53,84.14,2316600
2015-10-20,84.3,85.08,83.44,84.25,1605000
2015-10-21,84.8,84.8,82.0,82.17,1361600
2015-10-22,82.4,83.71,81.47,83.56,1855900
2015-10-23,85.07,85.15,82.3,82.9,2507100
2015-10-26,82.95,84.07,82.53,83.65,1451800
2015-10-27,81.99,82.46,80.74,81.76,1395400
2015-10-28,81.77,82.35,80.87,81.3,1611900
2015-10-29,81.26,82.02,80.74,80.93,1758100
2015-10-30,81.27,84.7,80.76,83.78,2181400
2015-11-02,83.67,83.72,82.27,83.16,1612200
2015-11-03,83.31,84.04,82.05,82.25,2209000
2015-11-04,81.81,83.2,81.63,82.62,1472900
2015-11-05,83.95,84.56,82.76,83.11,3309400
2015-11-06,74.49,77.97,73.57,77.42,8422700
2015-11-09,76.44,77.65,74.82,77.12,3653600
2015-11-10,76.92,78.53,76.79,78.35,2298300
2015-11-11,78.97,81.13,78.15,79.74,2204700
2015-11-12,79.16,80.52,78.64,79.15,1644000
2015-11-13,78.61,79.15,76.8,77.95,2046400
2015-11-16,77.5,78.56,75.78,78.55,1883700
2015-11-17,77.5,79.61,77.42,78.12,1517300
2015-11-18,78.87,83.77,78.81,83.68,3234000
2015-11-19,83.55,85.22,83.06,84.55,2519400
2015-11-20,85.01,85.87,84.09,84.98,2166300
2015-11-23,84.92,86.2,84.33,84.8,2009500
2015-11-24,83.93,83.93,81.88,82.98,2141400
2015-11-25,82.9,83.17,82.27,82.77,858800
2015-11-27,82.8,83.35,82.31,82.79,558500
2015-11-30,82.81,82.98,81.77,82.37,1284900
2015-12-01,82.85,83.44,82.48,82.93,980500
2015-12-02,82.56,83.32,82.24,82.92,1121400
2015-12-03,82.74,84.91,82.58,83.14,2117400
2015-12-04,83.06,84.71,82.33,84.37,1712600
2015-12-07,83.99,84.48,82.37,83.07,1606900
2015-12-08,82.54,83.84,81.89,83.2,880900
2015-12-09,82.75,84.17,82.14,82.41,971500
2015-12-10,83.84,84.14,82.65,83.52,1218200
2015-12-11,82.39,83.47,82.0,82.48,941400
2015-12-14,82.39,84.19,82.05,83.8,1443500
2015-12-15,84.27,87.08,83.84,85.91,1599700
2015-12-16,86.68,87.5,84.61,86.88,1533300
2015-12-17,87.17,87.26,85.21,85.38,1095100
2015-12-18,84.94,85.74,83.84,84.35,2336500
2015-12-21,85.0,85.79,83.18,84.12,878000
2015-12-22,84.48,84.65,83.02,84.4,670900
2015-12-23,84.78,85.15,83.66,84.88,1155200
2015-12-24,85.09,85.93,84.61,85.45,823000
2015-12-28,84.98,85.46,84.17,85.2,1386100
2015-12-29,86.0,86.93,85.45,86.51,582800
2015-12-30,86.39,86.83,85.94,86.15,573700
2015-12-31,85.87,86.58,85.2,85.25,551600
2016-01-04,83.64,83.76,82.02,82.98,1733900
2016-01-05,83.39,83.97,80.95,81.93,1450800
2016-01-06,81.34,81.74,79.23,80.1,2521700
2016-01-07,78.33,78.94,76.81,77.69,1945200
2016-01-08,77.77,78.6,75.92,76.18,1447700
2016-01-11,76.66,77.31,75.6,76.95,1357400
2016-01-12,77.18,78.8,76.34,77.36,1189400
2016-01-13,77.48,78.0,71.58,72.94,2893200
2016-01-14,73.21,73.36,69.27,71.92,2897200
2016-01-15,69.77,70.69,68.88,70.63,2911200
2016-01-19,71.34,72.34,70.07,71.19,2509900
2016-01-20,70.03,70.9,65.78,69.26,2480000
2016-01-21,69.29,72.46,68.17,69.51,1577900
2016-01-22,70.68,72.45,69.77,70.65,1009800
2016-01-25,70.76,71.01,69.23,69.49,1118000
2016-01-26,69.92,70.44,67.44,69.69,2445300
2016-01-27,65.81,69.14,65.42,67.54,3199400
2016-01-28,67.29,68.1,65.0,67.32,2710600
2016-01-29,67.31,68.12,66.37,66.76,2624400
2016-02-01,66.52,67.64,65.8,67.19,1793700
2016-02-02,66.47,66.84,62.1,63.0,3028800
2016-02-03,63.7,64.26,60.88,62.77,2068500
2016-02-04,62.89,64.52,62.31,63.81,1800200
2016-02-05,63.27,63.58,57.29,58.37,5109300
2016-02-08,57.01,57.84,55.29,55.88,4265400
2016-02-09,55.32,57.17,53.51,54.09,2528100
2016-02-10,54.9,55.99,53.48,54.35,4731500
2016-02-11,60.92,64.75,59.49,61.07,9480500
2016-02-12,61.0,61.07,57.85,59.9,4257700
2016-02-16,60.39,63.47,59.95,63.32,3093800
2016-02-17,65.02,67.0,64.07,65.35,3337200
2016-02-18,65.41,65.99,62.39,63.07,2286000
2016-02-19,62.7,63.77,61.38,63.42,1770800
2016-02-22,61.8,63.51,61.37,63.11,2022400
2016-02-23,63.0,63.21,60.39,60.7,2534000
2016-02-24,60.0,61.16,58.53,60.66,2503000
2016-02-25,60.83,62.07,59.76,62.05,1241900
2016-02-26,62.19,62.95,61.68,62.38,1676900
2016-02-29,62.28,63.3,61.81,62.6,2246600
2016-03-01,63.21,66.39,62.73,66.1,2970500
2016-03-02,66.07,66.43,64.53,65.32,1806600
2016-03-03,65.05,66.62,64.45,65.57,1594100
2016-03-04,65.85,65.91,64.22,65.1,1549900
2016-03-07,65.04,66.23,63.7,65.5,1983000
2016-03-08,65.11,65.95,62.49,62.57,2087900
2016-03-09,62.65,63.61,60.02,60.98,2732500
2016-03-10,61.45,61.86,59.33,61.02,2228900
2016-03-11,61.81,63.75,61.38,63.7,1597500
2016-03-14,63.08,68.28,63.05,66.54,5466800
2016-03-15,66.43,66.97,65.55,66.8,2353300
2016-03-16,66.82,67.74,66.01,67.48,1869500
2016-03-17,67.22,68.22,65.25,65.31,2083900
2016-03-18,65.25,65.27,63.45,64.31,4860800
2016-03-21,64.4,65.79,64.36,65.71,1518400
2016-03-22,64.0,65.08,63.65,64.04,2059500
2016-03-23,64.16,64.34,61.51,61.74,2097300
2016-03-24,61.72,62.44,60.5,62.23,1683400
2016-03-28,62.61,63.14,61.53,62.51,1309200
2016-03-29,62.79,65.91,62.02,65.58,2549600
2016-03-30,65.93,68.07,65.83,66.58,2249800
2016-03-31,66.0,66.85,65.33,66.5,1700900
2016-04-01,66.05,67.39,65.1,67.23,1725300
2016-04-04,67.44,67.5,64.93,65.09,1155200
2016-04-05,64.09,64.79,63.09,63.96,1801400
2016-04-06,64.39,65.76,63.85,65.53,1136600
2016-04-07,65.23,65.51,62.58,63.35,2378800
2016-04-08,64.07,64.58,61.7,62.24,2388600
2016-04-11,62.48,62.86,60.55,60.59,2043400
2016-04-12,60.56,61.49,60.2,61.44,1801000
2016-04-13,61.96,63.86,61.8,63.79,2267200
2016-04-14,63.85,64.27,63.03,63.51,1031400
2016-04-15,63.6,63.77,62.29,63.0,1352600
2016-04-18,63.06,65.64,62.69,65.44,1903100
2016-04-19,65.88,65.88,63.99,64.54,2299200
2016-04-20,64.7,64.84,63.64,64.39,1059500
2016-04-21,64.65,65.0,63.39,63.81,1193000
2016-04-22,63.47,64.55,62.97,63.34,1442200
2016-04-25,63.17,63.47,62.0,62.55,1049500
2016-04-26,62.53,63.59,62.02,62.5,1249000
2016-04-27,62.5,63.74,61.96,63.69,1520300
2016-04-28,64.12,65.0,63.44,63.6,2886100
2016-04-29,64.0,64.98,62.38,64.59,1797200
2016-05-02,64.42,65.24,63.9,64.89,1832800
2016-05-03,64.27,65.99,63.19,65.83,3946400
2016-05-04,64.28,64.82,62.67,63.13,4461500
2016-05-05,61.0,65.8,60.56,62.04,7308900
2016-05-06,61.6,62.09,59.64,62.07,3181400
2016-05-09,62.38,64.95,62.15,63.09,3448900
2016-05-10,63.57,66.89,63.56,66.1,3416500
2016-05-11,66.21,66.4,65.22,65.67,2264300
2016-05-12,66.05,66.05,63.16,63.78,2494900
2016-05-13,63.71,64.91,63.67,64.46,1966300
2016-05-16,64.51,65.25,64.24,64.9,1187400
2016-05-17,64.95,66.8,64.91,65.79,2774000
2016-05-18,65.28,65.65,63.41,64.17,2143100
2016-05-19,64.07,64.53,62.57,63.25,1594900
2016-05-20,63.54,65.19,63.41,64.53,1798700
2016-05-23,64.81,68.43,64.53,66.87,3467300
2016-05-24,66.92,67.83,66.02,66.07,2302100
2016-05-25,66.18,67.22,65.7,66.9,1655700
2016-05-26,66.84,67.35,65.8,66.6,1000800
2016-05-27,66.54,68.53,66.39,67.32,1303600
2016-05-31,67.5,68.08,67.18,67.74,1566700
2016-06-01,67.41,67.68,66.06,67.06,863200
2016-06-02,66.79,68.76,66.27,68.63,1284700
2016-06-03,68.3,68.41,67.16,68.16,1403800
2016-06-06,68.63,71.61,67.92,71.46,3407700
2016-06-07,69.78,69.95,68.05,68.63,4475400
2016-06-08,69.03,69.87,68.76,69.24,1676200
2016-06-09,69.02,70.51,68.85,69.47,1151000
2016-06-10,68.76,69.15,66.9,67.22,1738400
2016-06-13,67.02,68.59,66.01,66.11,1579400
2016-06-14,65.65,66.37,64.22,65.07,1649800
2016-06-15,65.43,66.22,64.7,64.84,1574100
2016-06-16,63.99,64.63,62.53,64.39,1814700
2016-06-17,64.06,64.77,62.85,63.08,2014700
2016-06-20,63.98,65.75,63.62,64.66,2160900
2016-06-21,64.91,64.91,63.63,64.51,1026500
2016-06-22,64.34,65.3,64.16,64.74,912800
2016-06-23,65.32,66.44,65.02,65.98,1442900
2016-06-24,62.71,64.37,61.36,61.87,4606900
2016-06-27,61.2,61.67,58.96,60.03,3188900
2016-06-28,60.69,61.6,60.3,61.15,1538800
2016-06-29,61.97,64.23,61.87,63.89,1966200
2016-06-30,64.02,64.85,63.4,64.3,1321100
2016-07-01,64.3,65.36,64.28,64.61,1066300
2016-07-05,64.15,64.58,63.75,64.3,1430000
2016-07-06,63.88,65.12,63.81,64.98,1511700
2016-07-07,65.13,66.17,65.0,65.61,1456600
2016-07-08,66.09,67.46,66.08,67.13,1495900
2016-07-11,67.19,68.53,67.18,68.2,1310500
2016-07-12,68.59,70.38,68.33,69.72,2219800
2016-07-13,69.89,70.36,68.2,68.59,2552300
2016-07-14,69.36,69.91,68.38,68.53,1197300
2016-07-15,68.91,68.91,67.75,68.26,990700
2016-07-18,68.06,69.11,67.87,68.74,1087000
2016-07-19,68.49,68.73,68.08,68.55,734200
2016-07-20,68.58,69.8,68.11,69.29,1228800
2016-07-21,69.36,69.69,68.22,68.69,1029800
2016-07-22,69.14,70.23,68.49,70.09,1254100
2016-07-25,70.02,70.31,69.45,70.06,1099100
2016-07-26,70.05,71.06,69.66,69.94,1338100
2016-07-27,70.05,70.22,69.48,69.85,1541000
2016-07-28,71.1,71.69,69.67,71.23,1568900
2016-07-29,69.5,70.44,69.17,69.97,2420600
2016-08-01,70.09,70.7,69.4,70.45,2078500
2016-08-02,70.28,70.28,68.24,69.41,2607100
2016-08-03,69.31,70.37,68.8,69.49,3674500
2016-08-04,64.0,66.13,62.69,63.59,8794100
2016-08-05,63.04,63.6,60.73,60.81,5439600
2016-08-08,61.0,61.86,60.68,61.84,3592700
2016-08-09,62.02,62.3,60.74,61.1,3538700
2016-08-10,61.18,61.66,60.94,61.25,2395500
2016-08-11,61.26,62.0,61.1,61.59,1563700
2016-08-12,61.31,61.95,61.03,61.7,1624300
2016-08-15,61.87,62.45,61.62,62.13,1382300
2016-08-16,62.07,62.51,61.89,62.0,1609900
2016-08-17,62.1,62.27,61.67,62.05,1274600
2016-08-18,62.15,62.5,61.8,62.23,1001000
2016-08-19,62.13,62.55,61.46,62.0,1388000
2016-08-22,62.0,62.0,61.34,61.8,1385300
2016-08-23,61.91,63.29,61.87,62.64,1852400
2016-08-24,62.72,63.58,61.71,61.93,1189300
2016-08-25,62.0,62.45,61.51,61.9,1449900
2016-08-26,62.28,63.21,61.98,62.37,1135500
2016-08-29,62.25,62.4,61.79,61.94,1290600
2016-08-30,62.39,62.51,60.95,61.25,1457600
2016-08-31,61.37,61.48,60.75,61.0,1230300
2016-09-01,60.91,61.58,60.8,61.32,1023700
2016-09-02,61.6,61.96,60.89,61.2,1034600
2016-09-06,61.11,61.98,60.64,61.52,1995400
2016-09-07,61.81,62.85,61.58,62.16,1324000
2016-09-08,61.95,62.25,61.44,61.8,1037600
2016-09-09,61.36,62.97,61.13,61.72,2517800
2016-09-12,61.54,63.74,61.54,63.61,2143000
2016-09-13,62.86,63.34,62.52,63.04,1475600
2016-09-14,62.08,63.38,61.76,61.81,1647700
2016-09-15,61.65,62.04,60.95,61.82,1433300
2016-09-16,61.69,61.73,60.49,61.29,2782000
2016-09-19,61.56,61.64,59.81,60.0,1910400
2016-09-20,60.16,60.46,59.72,60.25,1188300
2016-09-21,60.5,60.78,59.87,60.54,1350300
2016-09-22,60.74,61.43,60.39,61.36,1193800
2016-09-23,61.44,62.17,61.21,61.87,1326400
2016-09-26,61.65,61.97,61.33,61.89,999700
2016-09-27,62.01,64.68,61.92,64.26,3147100
2016-09-28,64.37,65.03,63.72,64.08,1525900
2016-09-29,63.79,64.42,62.82,63.0,2562300
2016-09-30,62.98,63.48,62.96,63.18,1690300
2016-10-03,62.9,63.45,62.21,63.35,841900
2016-10-04,63.74,64.73,63.41,64.42,1019100
2016-10-05,64.75,66.13,64.54,65.87,2138400
2016-10-06,65.89,65.89,64.36,64.84,1675300
2016-10-07,65.09,65.09,63.6,64.0,1185100
2016-10-10,64.24,64.8,64.01,64.6,1198400
2016-10-11,64.5,64.6,63.1,63.43,2072700
2016-10-12,63.39,63.45,62.5,62.99,1558400
2016-10-13,62.66,62.66,61.75,62.24,1737500
2016-10-14,62.4,62.65,61.11,61.31,1983100
2016-10-17,61.43,61.85,60.69,61.46,1471100
2016-10-18,62.66,63.49,62.07,63.19,1655600
2016-10-19,63.16,64.24,63.16,63.87,2040000
2016-10-20,63.69,63.71,61.91,62.03,1534500
2016-10-21,61.87,63.67,61.74,62.96,2069400
2016-10-24,63.57,63.94,63.17,63.83,1174800
2016-10-25,63.72,64.27,63.11,63.53,812400
2016-10-26,62.54,63.52,61.51,61.75,1503600
2016-10-27,62.39,62.53,61.24,61.85,1397500
2016-10-28,62.48,64.86,61.84,64.34,2363500
2016-10-31,64.63,64.74,64.0,64.48,1155500
2016-11-01,64.41,64.58,62.93,63.47,1256000
2016-11-02,63.38,63.65,61.5,61.63,1262500
2016-11-03,61.66,63.25,61.39,62.74,1098700
2016-11-04,62.31,64.05,62.31,63.64,1357800
2016-11-07,64.6,64.85,63.36,63.43,2595400
2016-11-08,63.56,65.56,62.82,63.1,6483900
2016-11-09,53.0,56.02,51.0,52.63,18906700
2016-11-10,52.7,53.73,51.01,51.83,6271600
2016-11-11,51.94,51.94,50.59,51.01,3326400
2016-11-14,51.03,51.28,48.52,48.8,5538700
2016-11-15,49.57,50.52,49.33,50.02,4645300
2016-11-16,49.84,51.2,49.74,50.4,3270900
2016-11-17,50.18,51.69,50.1,50.97,2253300
2016-11-18,50.77,51.51,50.29,50.79,1338100
2016-11-21,51.3,52.05,50.93,51.68,1433300
2016-11-22,51.69,52.08,51.23,51.34,1305100
2016-11-23,51.0,51.01,50.39,50.79,1059900
2016-11-25,50.92,51.4,50.66,51.17,500800
2016-11-28,51.06,51.19,50.07,50.18,1925200
2016-11-29,50.43,50.82,49.16,49.3,2349000
2016-11-30,49.24,49.72,48.25,48.28,2706200
2016-12-01,48.34,48.39,46.88,47.16,2263700
2016-12-02,47.2,47.35,45.95,46.46,2588700
2016-12-05,47.13,48.51,46.69,47.98,2761400
2016-12-06,48.13,48.5,47.77,48.17,1379600
2016-12-07,48.19,48.41,47.54,47.6,2724800
2016-12-08,47.39,48.31,47.25,48.06,1664300
2016-12-09,48.17,49.4,48.01,49.23,1811100
2016-12-12,49.0,49.35,48.25,48.71,2146300
2016-12-13,48.83,49.55,48.66,49.03,1412400
2016-12-14,49.02,49.19,47.38,47.62,3847100
2016-12-15,47.69,47.98,47.14,47.38,1880600
2016-12-16,47.57,48.09,47.18,47.37,4008500
2016-12-19,47.53,47.6,46.39,46.45,1919500
2016-12-20,47.09,49.75,47.02,48.79,5586200
2016-12-21,49.49,49.49,46.21,46.28,2703900
2016-12-22,46.43,46.45,45.63,46.39,2677500
2016-12-23,46.47,46.69,46.17,46.54,1222300
2016-12-27,46.58,47.48,46.49,47.29,1416000
2016-12-28,47.23,47.65,46.64,46.85,1368900
2016-12-29,46.75,47.12,46.53,46.95,1622600
2016-12-30,47.0,47.27,46.16,46.37,1533600
2017-01-03,46.75,47.63,46.21,47.51,1914000
2017-01-04,47.74,49.0,47.63,48.86,2011400
2017-01-05,48.89,49.75,48.83,49.2,1734700
2017-01-06,49.01,51.06,48.56,50.77,2940700
2017-01-09,50.92,51.43,50.4,50.92,2646800
2017-01-10,51.07,51.88,50.24,51.31,2572200
2017-01-11,51.01,51.92,50.83,51.66,1560200
2017-01-12,51.72,52.35,50.81,51.88,2499700
2017-01-13,52.03,53.3,52.03,52.92,2254400
2017-01-17,52.56,53.58,52.38,52.6,1924200
2017-01-18,52.66,53.39,52.46,52.88,1288600
2017-01-19,52.9,53.11,51.58,52.16,2097800
2017-01-20,52.23,52.92,51.26,51.85,2137500
2017-01-23,51.79,51.85,50.91,51.39,1549700
2017-01-24,51.66,52.38,50.76,52.13,1412600
2017-01-25,52.75,52.86,52.06,52.65,1893000
2017-01-26,52.73,52.84,52.1,52.18,772700
2017-01-27,52.46,52.46,51.67,52.0,812500
2017-01-30,51.97,52.33,51.23,52.25,1144800
2017-01-31,51.98,53.18,51.8,52.9,1405700
2017-02-01,52.99,53.47,51.57,51.87,1800900
2017-02-02,51.81,52.73,51.3,52.06,1045000
2017-02-03,52.4,52.96,52.06,52.61,961000
2017-02-06,52.5,52.87,51.63,51.96,1644300
2017-02-07,52.03,52.4,51.5,51.96,1305000
2017-02-08,51.96,52.32,51.45,51.89,1786300
2017-02-09,52.12,52.9,52.04,52.51,2395200
2017-02-10,52.7,52.9,51.82,52.0,2486300
2017-02-13,52.02,52.2,51.33,51.39,2585900
2017-02-14,51.5,52.46,50.72,52.19,3853400
2017-02-15,52.33,53.29,52.2,52.7,6553400
2017-02-16,49.0,50.36,46.84,46.92,12391000
2017-02-17,46.97,47.65,46.32,47.06,5935700
2017-02-21,47.25,47.31,46.77,46.84,2424600
2017-02-22,45.84,46.16,44.96,45.55,4343200
2017-02-23,46.12,46.2,43.21,43.46,6814900
2017-02-24,43.15,43.36,42.0,42.62,4670200
2017-02-27,42.01,43.2,41.81,42.81,5004500
2017-02-28,42.18,42.25,41.15,41.47,3918300
2017-03-01,41.79,41.9,40.74,41.47,3881800
2017-03-02,40.85,41.53,40.45,40.82,3174000
2017-03-03,40.94,41.79,40.81,41.74,3666100
2017-03-06,41.5,41.69,40.81,41.6,3430300
2017-03-07,41.35,41.92,41.1,41.31,3401800
2017-03-08,41.23,44.06,41.2,43.83,7546700
2017-03-09,43.94,44.6,43.12,43.59,4063900
2017-03-10,43.72,44.35,43.28,43.6,2706900
2017-03-13,43.62,44.0,43.15,43.51,1482000
2017-03-14,43.4,43.5,41.94,42.26,1819700
2017-03-15,42.44,42.88,42.0,42.71,1910300
2017-03-16,42.82,43.18,42.61,43.07,1522700
2017-03-17,43.23,43.39,42.88,43.27,2213000
2017-03-20,43.19,43.4,42.82,43.0,1307800
2017-03-21,43.26,43.36,41.65,41.71,2304200
2017-03-22,41.8,41.8,40.87,41.4,2868900
2017-03-23,41.35,42.7,40.92,42.52,5022900
2017-03-24,42.73,43.02,42.45,42.69,2440500
2017-03-27,42.33,42.94,42.0,42.66,1548700
2017-03-28,42.52,43.42,42.5,43.13,1793100
2017-03-29,43.1,43.77,42.83,43.65,1707000
2017-03-30,43.5,43.58,42.8,43.31,2849000
2017-03-31,43.38,43.62,43.02,43.16,2435600
2017-04-03,43.26,43.44,42.16,42.77,3074100
2017-04-04,42.54,42.76,41.58,41.64,2186800
2017-04-05,41.78,42.33,41.35,41.76,4075600
2017-04-06,41.94,42.75,41.75,42.3,4144300
2017-04-07,42.29,42.59,42.04,42.06,3169500
2017-04-10,42.2,42.63,42.03,42.24,3605800
2017-04-11,42.08,42.14,41.12,41.45,3848800
2017-04-12,41.45,42.1,41.2,41.5,1875000
2017-04-13,41.5,41.76,41.16,41.36,1830700
2017-04-17,41.72,41.8,40.89,41.77,3688600
2017-04-18,41.49,42.1,41.14,41.97,1922400
2017-04-19,42.18,42.89,41.96,42.03,2355600
2017-04-20,42.28,43.0,42.15,42.71,1928000
2017-04-21,42.68,43.06,42.32,42.65,5112300
2017-04-24,43.1,43.8,42.82,43.34,2486900
2017-04-25,43.48,43.94,42.77,43.65,1923600
2017-04-26,43.7,44.86,43.68,44.5,2920900
2017-04-27,44.51,45.31,44.11,45.1,3647900
2017-04-28,45.2,45.2,43.66,45.01,3960900
2017-05-01,45.03,45.5,44.77,44.96,2079300
2017-05-02,45.07,46.12,44.74,46.1,2638800
2017-05-03,46.13,46.23,44.85,45.11,2751500
2017-05-04,45.12,45.95,45.02,45.89,2878400
2017-05-05,45.86,46.45,45.73,46.17,1870500
2017-05-08,46.18,47.38,46.03,47.03,3887300
2017-05-09,47.1,48.1,46.82,46.92,4388600
2017-05-10,49.8,50.95,46.7,47.99,8629800
2017-05-11,47.36,47.52,45.51,45.63,4102800
2017-05-12,46.09,46.68,45.57,46.25,2167900
2017-05-15,46.4,47.08,46.2,46.67,2019200
2017-05-16,47.04,47.04,45.52,45.62,2624300
2017-05-17,45.0,45.53,43.76,43.97,4214400
2017-05-18,43.97,44.93,43.66,44.61,1837600
2017-05-19,44.74,44.74,43.89,44.08,2076000
2017-05-22,44.3,44.56,42.46,42.97,4673500
2017-05-23,42.93,42.93,40.67,40.87,5647600
2017-05-24,40.77,40.91,39.93,40.8,4182300
2017-05-25,40.81,40.83,39.79,39.82,3494600
2017-05-26,39.25,39.68,38.32,39.07,4865400
2017-05-30,38.91,39.23,38.66,39.06,3327200
2017-05-31,39.25,39.32,38.23,38.51,3300400
2017-06-01,38.65,40.14,38.65,39.97,3159100
2017-06-02,40.0,40.11,38.76,39.13,2283200
2017-06-05,39.13,39.29,38.77,39.04,1524900
2017-06-06,38.93,38.93,38.01,38.07,2282000
2017-06-07,38.2,38.5,36.85,37.28,3250700
2017-06-08,36.97,37.65,36.96,37.39,2047700
2017-06-09,37.31,37.79,37.05,37.48,2790400
2017-06-12,37.42,38.4,37.34,37.81,2490900
2017-06-13,37.95,38.81,37.88,38.78,2560300
2017-06-14,38.92,39.39,38.44,38.57,2315900
2017-06-15,38.26,38.37,37.4,37.91,1400000
2017-06-16,37.77,37.98,37.34,37.91,3408700
2017-06-19,37.07,37.39,35.96,36.1,3865200
2017-06-20,36.09,36.58,35.69,36.01,2466800
2017-06-21,36.1,36.1,35.34,35.82,1601900
2017-06-22,35.82,36.23,35.61,35.74,1685000
2017-06-23,35.85,36.99,35.71,36.96,3927800
2017-06-26,37.07,37.35,36.62,36.67,2010500
2017-06-27,36.79,37.25,36.24,36.49,1425400
2017-06-28,37.06,38.73,37.0,38.14,3995100
2017-06-29,38.02,38.49,37.22,38.0,2118700
2017-06-30,38.2,38.91,38.14,38.2,2032600
2017-07-03,38.48,38.79,38.21,38.48,1092100
2017-07-05,38.45,38.64,37.45,37.78,2263000
2017-07-06,37.68,37.85,36.6,36.66,2045400
2017-07-07,36.68,37.15,36.53,36.64,1451500
2017-07-10,36.6,36.7,36.05,36.19,1951600
2017-07-11,36.23,36.85,35.99,36.41,1476900
2017-07-12,36.74,37.58,36.35,37.31,1757600
2017-07-13,37.37,38.15,37.31,38.03,1504200
2017-07-14,38.14,38.55,37.79,38.13,1486100
2017-07-17,38.13,38.69,37.81,38.0,945900
2017-07-18,38.0,38.31,37.75,38.28,1540700
2017-07-19,39.1,39.84,38.63,39.6,3721000
2017-07-20,39.6,39.76,37.87,37.89,2119400
2017-07-21,37.86,38.09,36.82,37.54,2359700
2017-07-24,37.48,37.66,37.0,37.27,1453800
2017-07-25,37.56,38.93,37.14,38.82,1849100
2017-07-26,39.04,39.49,38.55,39.06,2590900
2017-07-27,39.01,39.36,38.13,38.53,2970200
2017-07-28,38.0,39.77,38.0,39.38,4365200
2017-07-31,39.43,39.5,38.43,39.02,2454900
2017-08-01,39.24,39.26,37.11,37.35,3462300
2017-08-02,37.26,37.65,36.86,37.57,2702100
2017-08-03,37.58,37.97,37.21,37.81,2030300
2017-08-04,38.0,39.78,37.86,39.51,3876700
2017-08-07,39.49,40.27,39.25,39.56,4572100
2017-08-08,39.58,39.98,38.85,39.55,5473100
2017-08-09,36.55,40.82,35.55,40.54,15180100
2017-08-10,40.23,41.7,39.37,39.71,7591700
2017-08-11,39.83,42.36,39.78,42.18,5517500
2017-08-14,42.36,42.38,41.33,41.48,4502400
2017-08-15,41.38,41.54,40.61,40.66,3074900
2017-08-16,40.91,41.73,40.07,40.17,3216800
2017-08-17,39.77,40.31,39.17,39.21,3799500
2017-08-18,39.03,40.22,38.95,39.92,2591100
2017-08-21,39.93,40.64,39.79,40.48,2258800
2017-08-22,40.66,41.17,40.42,41.09,1729100
2017-08-23,40.86,41.62,40.52,41.34,1677100
2017-08-24,42.0,43.86,42.0,43.32,4619000
2017-08-25,42.24,42.88,41.29,41.72,4011800
2017-08-28,41.64,42.06,41.17,41.98,1776400
2017-08-29,41.6,41.83,40.86,41.69,2329700
2017-08-30,41.79,42.99,41.09,42.57,1909600
2017-08-31,42.64,43.2,42.32,42.73,1934400
2017-09-01,42.91,43.39,42.67,42.74,2107000
2017-09-05,42.59,44.84,42.59,44.55,3693300
2017-09-06,43.52,44.51,42.52,44.31,3834100
2017-09-07,44.35,45.97,44.06,45.81,3509900
2017-09-08,45.63,45.75,44.73,45.06,2408800
2017-09-11,45.38,45.47,44.3,44.48,2792500
2017-09-12,44.5,45.3,44.5,44.82,2814500
2017-09-13,44.65,44.72,44.08,44.41,2313200
2017-09-14,44.21,44.58,42.84,42.97,2683800
2017-09-15,43.15,44.09,42.65,43.93,2890100
2017-09-18,44.22,44.81,43.32,43.59,1757000
2017-09-19,43.73,44.09,43.25,43.6,1762700
2017-09-20,43.6,44.05,43.31,43.92,1542000
2017-09-21,43.87,44.64,43.5,44.24,1449700
2017-09-22,44.29,44.5,44.08,44.37,1151500
2017-09-25,43.51,43.59,39.91,41.23,8597300
2017-09-26,41.49,42.14,40.86,41.13,2185700
2017-09-27,40.93,42.17,40.62,41.94,2323600
2017-09-28,41.81,42.17,40.38,40.46,2735500
2017-09-29,40.73,41.1,40.49,40.53,1552800
2017-10-02,41.11,41.81,40.06,40.98,2081500
2017-10-03,40.92,41.94,40.52,41.84,2447900
2017-10-04,42.02,43.44,41.85,43.4,2185400
2017-10-05,43.39,44.01,42.65,43.61,3015400
2017-10-06,43.73,43.78,41.23,41.61,2415800
2017-10-09,41.55,42.18,41.26,42.04,1491700
2017-10-10,42.28,42.39,40.84,40.99,2331300
2017-10-11,41.2,41.67,40.3,40.33,2273800
2017-10-12,40.18,40.46,39.15,39.53,2490500
2017-10-13,39.7,40.29,39.35,39.4,1918100
2017-10-16,39.41,39.81,38.78,39.72,1840800
2017-10-17,39.71,40.56,39.5,40.36,1702500
2017-10-18,40.46,40.46,39.73,40.01,1905400
2017-10-19,39.81,40.69,39.57,40.48,1476700
2017-10-20,40.66,40.77,40.19,40.3,1595500
2017-10-23,40.36,40.55,39.68,39.74,1428400
2017-10-24,40.46,40.46,38.47,39.3,2509400
2017-10-25,38.37,38.5,37.25,37.59,5388400
2017-10-26,37.67,38.28,37.3,37.75,3405400
2017-10-27,36.7,37.2,35.88,37.05,6175900
2017-10-30,36.95,37.67,36.85,37.35,1936500
2017-10-31,37.4,38.22,36.58,37.5,6647700
2017-11-01,37.76,38.47,37.67,37.87,2635000
2017-11-02,37.72,38.9,37.72,38.49,3116100
2017-11-03,38.68,38.94,38.03,38.88,2402700
2017-11-06,39.37,39.75,38.57,39.53,5243200
2017-11-07,34.71,34.8,30.21,30.35,29448800
2017-11-08,30.19,32.32,29.79,31.66,13228300
2017-11-09,31.03,32.09,31.02,31.56,5674500
2017-11-10,31.49,31.69,30.93,31.19,2806600
2017-11-13,30.8,31.17,30.4,30.75,3822800
2017-11-14,30.49,30.85,29.99,30.06,4820900
2017-11-15,30.0,30.66,29.5,30.53,4001600
2017-11-16,30.55,30.84,29.97,30.33,4527500
2017-11-17,30.24,30.64,29.82,30.59,3275500
2017-11-20,30.51,30.92,30.15,30.48,3397800
2017-11-21,30.51,32.96,30.5,32.81,12363100
2017-11-22,32.77,34.48,32.31,34.19,8414200
2017-11-24,34.13,34.34,33.62,34.17,2253500
2017-11-27,34.44,35.67,34.13,34.4,4879500
2017-11-28,34.35,34.74,33.95,34.71,5013300
2017-11-29,34.85,35.32,34.44,34.57,3512600
2017-11-30,34.51,35.17,34.38,34.62,3026400
2017-12-01,34.63,34.78,34.05,34.29,2591800
2017-12-04,34.66,35.44,34.33,34.76,3510100
2017-12-05,34.71,34.95,34.25,34.39,2193500
2017-12-06,34.25,34.71,34.09,34.42,2149800
2017-12-07,34.37,34.65,34.13,34.45,2536600
2017-12-08,34.67,35.1,34.31,34.5,2650600
2017-12-11,34.49,35.55,34.3,35.32,2890800
2017-12-12,35.06,35.71,35.0,35.1,2665100
2017-12-13,35.24,35.52,34.64,34.71,2493900
2017-12-14,34.72,34.91,34.4,34.49,2135800
2017-12-15,34.5,35.3,34.2,35.03,4899100
2017-12-18,35.23,35.99,35.19,35.46,3731800
2017-12-19,35.32,35.5,34.41,34.77,2902300
2017-12-20,34.99,34.99,34.39,34.46,2656000
2017-12-21,34.49,35.09,34.47,34.74,2400300
2017-12-22,34.76,34.76,34.42,34.57,1383400
2017-12-26,34.63,34.67,34.25,34.53,1446200
2017-12-27,34.54,34.66,34.34,34.53,1318200
2017-12-28,34.53,34.8,34.0,34.5,1890600
2017-12-29,34.52,34.68,34.25,34.46,1390300
2018-01-02,34.61,34.88,34.15,34.77,2588500
2018-01-03,34.96,35.5,34.67,34.97,1998100
2018-01-04,35.22,35.41,34.24,34.92,2805300
2018-01-05,34.98,35.15,34.65,34.73,1763600
2018-01-08,34.6,34.83,34.27,34.67,1865500
2018-01-09,34.87,34.88,34.45,34.59,1478300
2018-01-10,34.36,34.62,34.16,34.49,2243600
2018-01-11,34.59,35.61,34.42,35.28,4183100
2018-01-12,35.43,36.67,35.25,36.54,4419300
2018-01-16,37.36,37.42,35.78,35.89,4055000
2018-01-17,36.21,36.23,35.17,35.9,4656300
2018-01-18,35.91,36.47,35.15,35.62,2940700
2018-01-19,35.54,35.8,35.06,35.45,3190800
2018-01-22,35.49,37.27,35.15,37.2,3137900
2018-01-23,37.19,38.17,36.26,36.3,3377300
2018-01-24,36.35,36.83,35.84,36.31,2361000
2018-01-25,36.77,36.8,35.58,36.49,1680300
2018-01-26,36.8,36.97,36.12,36.78,1199400
2018-01-29,36.55,37.48,36.14,36.33,1944000
2018-01-30,36.04,36.11,34.88,34.9,2064600
2018-01-31,34.99,35.14,34.09,34.67,2666000
2018-02-01,34.28,34.95,34.23,34.62,1516700
2018-02-02,34.44,34.93,34.08,34.35,1493600
2018-02-05,34.34,36.2,34.18,35.62,4758200
2018-02-06,34.89,41.31,34.76,40.84,11626500
2018-02-07,40.51,41.34,40.0,41.05,4229400
2018-02-08,41.2,41.33,40.05,40.05,5234500
2018-02-09,38.97,40.35,36.5,38.31,7047900
2018-02-12,38.52,38.75,36.27,37.71,3842300
2018-02-13,37.63,40.14,37.47,39.88,3643900
2018-02-14,39.5,40.93,39.02,40.72,6076900
2018-02-15,46.0,47.02,41.45,42.4,19137900
2018-02-16,42.45,44.26,41.9,43.32,5179500
2018-02-20,43.21,43.6,42.24,42.65,3659800
2018-02-21,42.67,43.11,41.68,42.37,4005200
2018-02-22,42.62,42.62,41.45,41.65,2757200
2018-02-23,41.78,42.52,41.26,42.3,2727300
2018-02-26,42.4,42.68,41.13,41.45,2174300
2018-02-27,41.64,42.1,39.64,39.73,3869300
2018-02-28,40.09,40.6,39.55,40.08,2635500
2018-03-01,40.49,40.75,39.35,39.76,2093700
2018-03-02,39.3,40.26,38.27,39.69,2220700
2018-03-05,39.54,42.11,39.33,41.97,2710000
2018-03-06,41.89,42.64,41.15,42.38,2681700
2018-03-07,41.85,43.25,41.56,42.58,1958500
2018-03-08,42.69,42.78,41.68,42.45,1775400
2018-03-09,42.61,43.05,42.19,43.03,1743800
2018-03-12,43.2,43.26,42.49,43.17,1528100
2018-03-13,43.2,43.26,41.95,42.28,1919200
2018-03-14,42.56,44.26,41.87,44.05,3068000
2018-03-15,44.27,45.2,43.5,43.74,2175900
2018-03-16,43.74,44.06,43.3,43.77,1947300
2018-03-19,43.57,43.72,42.3,42.72,1568200
2018-03-20,42.57,42.75,41.74,41.78,1610200
2018-03-21,41.83,42.0,41.21,41.59,1642500
2018-03-22,41.33,41.33,40.09,40.11,1421800
2018-03-23,40.37,40.76,39.67,40.04,1550800
2018-03-26,40.66,42.01,40.24,41.94,1698900
2018-03-27,42.0,42.0,40.21,40.33,1704100
2018-03-28,40.3,41.04,39.5,40.61,2218500
2018-03-29,40.69,41.29,40.27,40.89,1865600
2018-04-02,40.66,40.66,39.08,39.12,2077000
2018-04-03,39.54,40.2,39.13,40.01,2045000
2018-04-04,39.24,41.5,39.2,41.42,2435100
2018-04-05,41.64,42.02,41.3,41.37,2096500
2018-04-06,40.9,41.5,39.85,40.15,1998000
2018-04-09,40.39,40.49,39.78,39.8,1130300
2018-04-10,40.46,41.36,39.99,40.83,1072900
2018-04-11,40.65,41.16,40.21,40.33,950500
2018-04-12,40.52,40.83,40.28,40.71,1051500
2018-04-13,41.04,41.04,40.18,40.52,831500
2018-04-16,40.8,41.98,40.26,41.14,1059600
2018-04-17,41.61,42.39,41.23,41.98,1484100
2018-04-18,41.57,42.31,41.09,42.1,1705700
2018-04-19,41.86,41.99,41.36,41.64,1125200
2018-04-20,41.54,42.12,41.23,41.62,1151300
2018-04-23,41.65,43.91,41.35,42.69,2247700
2018-04-24,42.79,43.16,41.65,41.91,1969600
2018-04-25,41.87,41.87,38.24,38.33,3931000
2018-04-26,38.43,38.77,37.28,37.39,3143600
2018-04-27,38.18,38.19,36.75,37.27,2851100
2018-04-30,37.33,37.78,36.96,37.42,1486000
2018-05-01,37.21,37.54,36.84,37.53,1710600
2018-05-02,37.39,38.5,37.22,38.3,2535000
2018-05-03,38.22,38.26,37.35,38.0,2255400
2018-05-04,37.72,39.0,37.12,38.53,2629100
2018-05-07,38.77,40.23,38.75,39.43,3430400
2018-05-08,39.22,39.41,38.27,38.78,4219300
2018-05-09,46.0,47.99,44.8,47.62,18135500
2018-05-10,47.63,49.42,46.6,48.51,5749200
2018-05-11,48.64,49.41,48.06,48.99,3684900
2018-05-14,49.14,50.69,48.25,48.67,4735800
2018-05-15,48.08,49.9,47.68,48.37,3184200
2018-05-16,48.05,49.6,48.01,48.71,3340700
2018-05-17,48.85,49.32,48.42,48.85,1887500
2018-05-18,48.81,48.84,47.89,47.92,2413500
2018-05-21,48.41,48.96,47.69,48.03,2394100
2018-05-22,48.08,48.82,47.63,48.22,1932800
2018-05-23,48.13,48.79,48.0,48.68,1631100
2018-05-24,48.66,49.32,48.42,49.09,1571200
2018-05-25,48.98,49.66,48.25,49.48,1933200
2018-05-29,49.29,50.0,49.02,49.89,2591600
2018-05-30,50.03,50.98,49.61,50.75,2758700
2018-05-31,50.62,52.18,50.62,52.14,3863500
2018-06-01,52.4,55.35,52.3,55.21,7631100
2018-06-04,55.21,56.4,54.92,56.15,5601700
2018-06-05,56.3,57.94,56.15,57.51,3765900
2018-06-06,57.64,57.88,55.79,56.23,3382900
2018-06-07,56.13,56.76,55.1,55.47,3396800
2018-06-08,55.42,56.48,55.03,55.84,2579200
2018-06-11,56.06,57.16,55.73,57.11,1597400
2018-06-12,57.21,58.8,57.21,58.29,2254100
2018-06-13,58.22,58.51,56.44,56.63,2141400
2018-06-14,56.83,57.9,56.73,57.73,1729100
2018-06-15,57.46,58.57,56.97,58.54,2348200
2018-06-18,58.38,59.41,57.83,59.32,1945800
2018-06-19,58.73,60.12,57.92,59.12,2683300
2018-06-20,59.32,59.72,58.39,58.55,1679600
2018-06-21,58.84,59.38,56.79,57.03,1759900
2018-06-22,57.03,57.87,56.31,56.66,3220800
2018-06-25,56.65,56.69,54.84,55.71,2236600
2018-06-26,55.78,56.83,55.15,56.53,2102800
2018-06-27,56.75,57.43,55.97,55.98,1766100
2018-06-28,56.44,56.99,55.58,56.65,1848000
2018-06-29,56.8,57.27,55.69,55.71,1521300
2018-07-02,55.31,56.88,54.5,56.11,1812400
2018-07-03,56.67,56.86,56.12,56.24,920600
2018-07-05,56.66,56.95,56.05,56.91,1640900
2018-07-06,56.91,57.78,55.79,57.56,1292800
2018-07-09,57.69,57.81,57.2,57.7,1356200
2018-07-10,57.93,58.24,57.26,57.59,1531500
2018-07-11,59.05,60.42,58.14,58.67,3795800
2018-07-12,58.76,59.75,58.4,59.6,2407800
2018-07-13,59.68,59.97,58.7,59.13,1328900
2018-07-16,59.12,59.62,58.69,59.35,990200
2018-07-17,59.26,60.71,58.46,60.37,2172400
2018-07-18,60.51,61.39,60.06,60.95,1786600
2018-07-19,60.83,61.24,60.41,60.68,988400
2018-07-20,60.59,60.93,59.67,59.85,1234800
2018-07-23,60.1,60.44,59.12,60.3,1157300
2018-07-24,60.46,60.96,59.07,59.69,1195500
2018-07-25,59.5,60.91,58.99,60.83,1220500
2018-07-26,60.88,61.16,60.2,60.69,1827300
2018-07-27,62.22,62.36,56.81,57.93,2726500
2018-07-30,58.43,60.0,57.51,58.24,2435000
2018-07-31,58.24,58.94,56.97,57.99,1817900
2018-08-01,57.04,58.46,56.54,57.65,3068100
2018-08-02,50.9,52.15,48.2,51.18,10637500
2018-08-03,51.54,53.8,50.49,53.27,4280100
2018-08-06,53.09,54.78,52.44,54.07,3281600
2018-08-07,54.3,54.78,53.41,54.51,2142800
2018-08-08,54.13,55.03,53.65,54.73,1219400
2018-08-09,54.38,55.69,54.01,55.04,1554900
2018-08-10,54.44,54.84,54.0,54.35,1291400
2018-08-13,54.53,54.63,53.66,53.9,1283200
2018-08-14,54.02,54.64,53.53,54.25,1001000
2018-08-15,53.71,53.76,52.36,53.3,1720500
2018-08-16,53.83,54.34,53.55,53.72,1230200
2018-08-17,54.09,54.1,53.13,53.55,707300
2018-08-20,53.75,54.14,53.37,53.84,938900
2018-08-21,53.81,54.29,53.52,53.84,990600
2018-08-22,53.7,54.29,53.48,53.55,1006000
2018-08-23,53.36,53.81,52.55,53.13,1253700
2018-08-24,53.21,53.49,52.79,53.38,1139400
2018-08-27,53.69,53.98,52.99,53.36,1097900
2018-08-28,53.35,53.52,52.7,53.15,1209600
2018-08-29,53.22,54.39,52.85,54.14,1207400
2018-08-30,53.83,54.46,53.56,53.82,1049600
2018-08-31,53.76,54.55,53.48,54.31,1237400
2018-09-04,54.07,54.07,52.43,53.02,1502000
2018-09-05,52.87,52.96,51.13,51.2,1994200
2018-09-06,51.59,51.82,50.31,50.63,1332100
2018-09-07,50.33,51.61,49.95,50.71,1517900
2018-09-10,50.78,52.0,50.32,50.67,1887100
2018-09-11,50.59,51.38,50.27,51.0,1220600
2018-09-12,50.91,51.43,50.69,51.15,1091200
2018-09-13,51.39,51.5,49.48,50.04,2099700
2018-09-14,50.05,51.03,49.83,50.39,2272500
2018-09-17,50.25,50.35,49.08,49.27,1487000
2018-09-18,49.78,50.99,49.15,50.65,1757400
2018-09-19,50.61,51.64,50.28,50.52,1415900
2018-09-20,50.84,50.86,49.31,49.6,2152700
2018-09-21,49.68,50.36,49.34,50.0,4191700
2018-09-24,49.63,51.26,49.51,51.13,1858800
2018-09-25,51.43,52.04,50.68,52.0,1773000
2018-09-26,51.99,53.13,51.47,52.28,1607200
2018-09-27,52.54,52.89,51.89,51.92,1201600
2018-09-28,51.8,52.03,50.63,51.07,1900600
2018-10-01,50.75,51.28,50.62,51.07,1871200
2018-10-02,50.79,50.79,49.95,50.45,1804300
2018-10-03,50.48,51.73,50.22,51.66,1578700
2018-10-04,51.5,51.88,50.75,51.54,2471300
2018-10-05,51.55,51.65,49.94,50.72,1701400
2018-10-08,50.61,50.82,49.12,49.98,1306900
2018-10-09,49.71,49.76,47.2,47.8,5051400
2018-10-10,47.03,47.27,43.4,44.2,6051100
2018-10-11,44.02,45.32,43.59,44.65,3928300
2018-10-12,45.77,45.78,44.41,45.35,2188500
2018-10-15,45.23,45.77,44.47,45.0,1183800
2018-10-16,45.58,47.77,45.3,47.66,1767300
2018-10-17,47.84,47.84,46.58,47.16,1122400
2018-10-18,47.03,47.23,45.84,46.38,1596600
2018-10-19,46.71,47.29,45.62,46.6,1363600
2018-10-22,46.93,47.72,46.49,47.27,1300000
2018-10-23,46.41,47.86,46.03,47.67,1549600
2018-10-24,47.82,48.93,46.59,46.72,1754100
2018-10-25,47.62,49.39,46.13,48.75,1933400
2018-10-26,47.65,49.0,47.07,47.44,2137400
2018-10-29,48.3,49.75,48.15,48.94,2324300
2018-10-30,48.99,50.98,48.52,50.67,1762300
2018-10-31,51.74,52.79,51.41,52.14,2679500
2018-11-01,52.14,53.44,51.69,53.29,1834100
2018-11-02,53.51,54.09,52.77,53.63,2477900
2018-11-05,53.77,53.77,52.56,53.24,2578100
2018-11-06,54.78,57.09,54.11,57.0,3711900
2018-11-07,57.47,58.53,55.32,58.07,4104300
2018-11-08,62.5,69.0,61.1,66.93,12562400
2018-11-09,63.92,65.55,62.79,63.3,6091100
2018-11-12,63.3,64.62,62.44,62.67,3597400
2018-11-13,62.92,64.4,62.24,63.1,2199500
2018-11-14,63.32,63.88,61.24,61.35,2096200
2018-11-15,61.15,63.54,60.47,63.2,2812700
2018-11-16,62.6,64.12,62.44,63.67,2173600
2018-11-19,63.64,64.14,60.67,60.87,1967800
2018-11-20,58.95,59.91,57.82,58.76,2970900
2018-11-21,59.67,60.47,59.03,59.39,1691100
2018-11-23,58.85,59.78,58.46,58.65,853600
2018-11-26,59.77,61.25,58.83,61.21,1759400
2018-11-27,60.85,62.3,60.57,61.89,1868300
2018-11-28,62.7,63.62,61.65,63.32,1715600
2018-11-29,63.41,64.2,62.32,63.54,1220700
2018-11-30,63.88,64.21,62.63,64.06,2166500
2018-12-03,65.0,65.41,63.58,64.59,2563400
2018-12-04,64.34,65.4,62.92,63.22,1889900
2018-12-06,62.31,64.32,62.2,63.88,2396800
2018-12-07,63.42,63.81,61.07,61.61,1542800
2018-12-10,61.61,61.66,59.99,61.09,2283500
2018-12-11,62.26,62.91,61.49,61.79,2020500
2018-12-12,62.59,64.38,62.5,62.56,1973300
2018-12-13,62.85,63.21,60.96,61.39,1818600
2018-12-14,60.94,62.02,60.46,60.7,1508100
2018-12-17,60.65,60.74,57.35,57.71,2243400
2018-12-18,58.36,59.1,57.25,57.98,2502800
2018-12-19,58.28,59.56,56.34,56.67,1595100
2018-12-20,56.25,57.27,54.33,55.01,2067900
2018-12-21,54.91,55.36,52.23,52.48,4247500
2018-12-24,52.02,53.09,51.39,51.61,1590900
2018-12-26,52.31,53.74,51.52,53.68,2049900
2018-12-27,52.03,54.13,51.48,54.12,1768900
2018-12-28,54.3,55.25,52.75,53.55,1361700
